.Random.seed <-
c(403L, 170L, 465316605L, -1184283654L, -218393339L, 828442710L, 
-553751321L, 1356361808L, -2138973731L, -2128515774L, 830574931L, 
1380193093L, 298716342L, 719410011L, 1852746646L, -520763806L, 
2040276562L, -810615L, 634305206L, 1670786342L, 791461051L, -1066637980L, 
-993566744L, -1359330428L, -962818011L, -462039966L, -1590046697L, 
-432496234L, 617852793L, 189498196L, -1602842587L, -13767645L, 
1157196867L, 299069428L, -786680407L, 969384006L, 170702498L, 
1698240944L, 1710301050L, 1765776599L, 2131450408L, 204312093L, 
-1817754103L, 1326940700L, 155629566L, 1320066279L, -1996430845L, 
-348156927L, 2017318776L, 1440725217L, -71767997L, 179440185L, 
-48693065L, 1444785013L, 1698519797L, 940378899L, 1071359460L, 
-1771740835L, 1030024658L, -61186013L, 1736631435L, 1971569579L, 
-1686892017L, 1301925037L, 823530609L, -976809477L, 532405994L, 
-1009865569L, 821669843L, 967650231L, -32278428L, 1255823883L, 
-520189818L, -493077585L, -1779197964L, -688069362L, -422759449L, 
1963733928L, -356397599L, -1325636626L, 820065645L, -1498415458L, 
-355861820L, -1410765513L, -996217176L, -844600450L, 873741022L, 
-1857579046L, 277715321L, 235670691L, -616058775L, 1255822280L, 
922402431L, 1271582320L, 1767072352L, -2017464980L, -2027245928L, 
-1570695411L, -1699548749L, 1684609799L, 1971163118L, 815670151L, 
991989161L, 347724063L, -1653377734L, 1032118547L, -638762323L, 
-1394080392L, 820954213L, -1556575535L, 1394896633L, -1494466159L, 
519145630L, 43550375L, -591243526L, 705488700L, 2146237049L, 
-211147017L, -1819597882L, -1333869942L, -734181816L, -1862309769L, 
-1002256299L, -1896454652L, -726070670L, 803932497L, 1662544356L, 
-1198858309L, 1608402446L, 774311814L, 642342153L, 1257068990L, 
-2047278853L, -871690709L, -2034454713L, 1459214125L, 41069088L, 
-1258293356L, 1590801416L, 1490265630L, 1448611515L, -1156580690L, 
1656522616L, -11533832L, -1865143513L, -1551742546L, 2146166126L, 
1888950322L, -1502079876L, 1663908674L, -1065712381L, -1685531153L, 
-159169212L, 664874195L, 281612596L, -1403121050L, -1978850132L, 
-2082642731L, 1511659449L, 1382728675L, -1403161394L, -2096229650L, 
1097651313L, 1718800317L, 1203565388L, -1494605031L, 62948946L, 
-1396430155L, 239344618L, 1445495390L, -1716235011L, -1075117143L, 
707249675L, -687996872L, -1236142671L, -192028775L, 462098963L, 
1939121968L, -390511757L, 366298429L, -999083244L, 914711095L, 
301126301L, 287384630L, -884366939L, 1658107072L, 992469083L, 
-348437518L, 754677278L, -228181515L, 1376359208L, 1008526816L, 
-582193494L, 1053068216L, 43941836L, -202062539L, 249245790L, 
1045190249L, 1196113769L, 1695989285L, -925735052L, -1779104122L, 
861916407L, 1278392338L, -1689704279L, 999398767L, 937312214L, 
337105743L, -359652223L, 1236226654L, 1662696765L, -1589647093L, 
-808322674L, -1799189813L, 775721323L, 1872188321L, 1267621999L, 
-1281414852L, 768349260L, -1008386789L, 1588016241L, 1392480460L, 
1697370819L, 950762866L, -192437088L, -580980871L, -2181775L, 
1796739809L, -1831390095L, 910456744L, -1475008314L, -1957557428L, 
1496363550L, -708748743L, -1713250353L, 591175735L, 971906294L, 
-1726156758L, -1100854511L, 1792964890L, -101776151L, 898245549L, 
1603289282L, -446947903L, -1611917431L, 32365548L, 2065649488L, 
922999639L, -1199650786L, 378624273L, 21774207L, -1206955526L, 
1279557268L, -2052316942L, 1121539631L, -1191998777L, 727663621L, 
-917309856L, -1779136995L, -2037942537L, -854950302L, -1589543992L, 
1291383134L, -2034642679L, -1666984767L, 1729437333L, 296314003L, 
849691707L, -3043100L, 9891118L, 153081138L, 2112428174L, 1433477173L, 
679289315L, 1880764816L, 2022613631L, -1053505086L, -520574859L, 
627297419L, 890635982L, 119864520L, -1009721153L, 1542580939L, 
1274088561L, -756593626L, -919550111L, -890677012L, 743512300L, 
1322415749L, 333963225L, -1666802986L, -1926321255L, -655821508L, 
1148497067L, -1160179244L, 1633572417L, 2043629698L, -1416833987L, 
1162177437L, -1406361995L, -654773913L, -5800471L, -1349717444L, 
-1467511883L, 1098890494L, 1221356885L, 1841152755L, 1402351306L, 
-1511096199L, -1663620292L, -326476987L, 1832164987L, 1062036738L, 
1253968022L, 130601033L, 1684540085L, -1283063727L, 1946687878L, 
-386764450L, 1803020367L, 1868914402L, -448949265L, -222166395L, 
1327810539L, -1108893381L, 1659088323L, -1740279156L, -1101807317L, 
-854594420L, 2134224026L, 2005880507L, -150039959L, 827978501L, 
-1555185397L, 1882337545L, -836612352L, 420053155L, 144501303L, 
-28006353L, -1672126098L, 1944481916L, -1546162334L, 1643080131L, 
1048563267L, -1196439054L, -1074205306L, -1145088905L, 2073998335L, 
-101976431L, -399603808L, 1439835500L, -1956221696L, -697321686L, 
1544951279L, -91885914L, -2059208183L, -1831541925L, -1237516147L, 
2031785327L, 1814177804L, -344035154L, -1121888124L, 1477408834L, 
-248950651L, 399486070L, -794924356L, -1256803210L, 807698296L, 
781154624L, -1579836048L, -242141272L, -1933580905L, 291722850L, 
-85478523L, 1479164996L, -958473387L, -1406640942L, 774161773L, 
-535028143L, 2064905830L, -669516389L, -1499481089L, -923166113L, 
1709749544L, 457250868L, 1289915287L, -663037389L, -512255427L, 
1139253294L, 540814263L, -145362717L, -1694901560L, 1888888176L, 
1956276795L, 1743151626L, 1380606638L, 226555668L, -1824525991L, 
890516494L, 2025422439L, -1420760847L, 1228317133L, -1675670952L, 
-1425915004L, 691646618L, 750024930L, -193160578L, -1986589165L, 
1046268767L, 288752387L, 1131637658L, -356177422L, -1778131844L, 
-2104419048L, -2094294496L, 1664101444L, -1814169308L, -1135322831L, 
1199480305L, -1364001520L, 655352539L, -837149072L, 1163845566L, 
-1655279217L, -509759041L, 1455258783L, 68002352L, 465555581L, 
-1225577668L, -2080989419L, 1486144632L, 976769852L, -1135335102L, 
-1137406996L, 1241369987L, 1218778160L, 1885984590L, -769132500L, 
-2102873839L, -186825436L, -1227003992L, -38514573L, -1040757939L, 
1260587408L, -872487269L, -1328187529L, -2088385108L, -683044849L, 
182927718L, -283587576L, 538792122L, -1113276714L, 700469311L, 
-1947463402L, 897264598L, -987999888L, -1505985878L, 690800894L, 
-99076400L, 432391617L, 1616498803L, -1750578444L, -1439867855L, 
-651543159L, 404457796L, -328824989L, -2046311000L, 644503882L, 
-1483109320L, -325725875L, 361077409L, -682850031L, -55562237L, 
1090239141L, 1966033096L, 774774928L, -1980776997L, 1815301456L, 
1638392035L, -1543669768L, 2010606493L, -236974464L, 717040487L, 
-1482272773L, -2022289385L, -1439008530L, -1809396032L, 1887205481L, 
-1169985135L, -137103256L, -1115260527L, 1584859772L, 1039947127L, 
-1631080964L, -1057829674L, -334194468L, 1842724746L, -1343896189L, 
-77796794L, -97867625L, 1097870494L, -2121979388L, 1779965763L, 
-280817998L, 2004474507L, 393054627L, 1335203716L, -699713889L, 
217722967L, 1216033434L, -1841421626L, 1457464990L, -6872048L, 
-614269084L, -443892722L, 386002299L, 1251042513L, 2096341271L, 
-886582833L, 1348788422L, -886550548L, -118609891L, -1369469182L, 
906317752L, 630835857L, 329612116L, 76649486L, 300249054L, 1696734984L, 
-2027376776L, -2051105248L, -91702917L, -424927405L, 1448964762L, 
-1651800443L, 917881674L, -778462970L, -187392032L, 1257304834L, 
-439213724L, -1160345336L, 607832520L, -1925080067L, 330951729L, 
1471461751L, -1086656060L, 1964418080L, 672137314L, 1647386842L, 
1557687408L, 873757668L, 447794852L, 1766678748L, 586146594L, 
-21695863L, -2026701612L, -467625520L, 1016046822L, -1087673745L, 
1461981977L, 92712184L, -1719825908L, -1647875125L, 61317694L, 
1280128808L, -1885868909L, 1125463108L, 367002913L, -906257379L, 
-1777129347L, -596688603L, 602862937L, -909763264L, -2141588274L, 
1436085432L, -672151772L, 46402410L, -1044769112L, -2120122752L, 
-417186052L, -839599835L, 1097603881L, 1449136782L, -191759596L, 
-2144286291L, -1116884004L, -1641311152L, 1570283111L, -1906829313L, 
-1575348957L, 166228187L, 1152692455L, -698336258L, 1704654993L, 
